0.010000 0.140560 
0.020000 0.140638 
0.030000 0.140638 
0.040000 0.140638 
0.050000 0.140638 
0.060000 0.140638 
0.070000 0.140638 
0.080000 0.140638 
0.090000 0.140638 
0.100000 0.140638 
0.110000 0.140638 
0.120000 0.140637 
0.130000 0.140637 
0.140000 0.140637 
0.150000 0.140637 
0.160000 0.140637 
0.170000 0.140637 
0.180000 0.140637 
0.190000 0.139893 
0.200000 0.140637 
0.210000 0.140637 
0.220000 0.140637 
0.230000 0.140023 
0.240000 0.140637 
0.250000 0.140072 
0.260000 0.140637 
0.270000 0.140637 
0.280000 0.140637 
0.290000 0.140637 
0.300000 0.140637 
0.310000 0.140637 
0.320000 0.140637 
0.330000 0.140209 
0.340000 0.140637 
0.350000 0.140637 
0.360000 0.140637 
0.370000 0.140637 
0.380000 0.140265 
0.390000 0.140636 
0.400000 0.140636 
0.410000 0.140636 
0.420000 0.140636 
0.430000 0.140308 
0.440000 0.140636 
0.450000 0.140636 
0.460000 0.140330 
0.470000 0.140636 
0.480000 0.140636 
0.490000 0.140348 
0.500000 0.140354 
0.510000 0.140636 
0.520000 0.140636 
0.530000 0.140636 
0.540000 0.140635 
0.550000 0.140635 
0.560000 0.140635 
0.570000 0.140635 
0.580000 0.140635 
0.590000 0.140396 
0.600000 0.140635 
0.610000 0.140635 
0.620000 0.140635 
0.630000 0.140635 
0.640000 0.140635 
0.650000 0.140634 
0.660000 0.140421 
0.670000 0.140634 
0.680000 0.140634 
0.690000 0.140634 
0.700000 0.140634 
0.710000 0.140634 
0.720000 0.140634 
0.730000 0.140634 
0.740000 0.140634 
0.750000 0.140633 
0.760000 0.140448 
0.770000 0.140633 
0.780000 0.140633 
0.790000 0.140633 
0.800000 0.140633 
0.810000 0.140459 
0.820000 0.140633 
0.830000 0.140463 
0.840000 0.140632 
0.850000 0.140632 
0.860000 0.140468 
0.870000 0.140632 
0.880000 0.140632 
0.890000 0.140474 
0.900000 0.140632 
0.910000 0.140632 
0.920000 0.140478 
0.930000 0.140631 
0.940000 0.140631 
0.950000 0.140483 
0.960000 0.140631 
0.970000 0.140631 
0.980000 0.140487 
0.990000 0.140630 
1.000000 0.140490 
