0.010000 0.139538 
0.020000 0.140532 
0.030000 0.140525 
0.040000 0.140485 
0.050000 0.140455 
0.060000 0.140351 
0.070000 0.140280 
0.080000 0.140153 
0.090000 0.140032 
0.100000 0.139910 
0.110000 0.139758 
0.120000 0.139581 
0.130000 0.139413 
0.140000 0.139219 
0.150000 0.139003 
0.160000 0.138783 
0.170000 0.138558 
0.180000 0.138304 
0.190000 0.138052 
0.200000 0.137779 
0.210000 0.137488 
0.220000 0.137196 
0.230000 0.136887 
0.240000 0.136560 
0.250000 0.136226 
0.260000 0.135887 
0.270000 0.135530 
0.280000 0.135163 
0.290000 0.134781 
0.300000 0.134392 
0.310000 0.133993 
0.320000 0.133584 
0.330000 0.133169 
0.340000 0.132740 
0.350000 0.132302 
0.360000 0.131852 
0.370000 0.131399 
0.380000 0.130935 
0.390000 0.130463 
0.400000 0.129982 
0.410000 0.129494 
0.420000 0.128996 
0.430000 0.128493 
0.440000 0.127985 
0.450000 0.127469 
0.460000 0.126946 
0.470000 0.126417 
0.480000 0.125880 
0.490000 0.125340 
0.500000 0.124794 
0.510000 0.124245 
0.520000 0.123690 
0.530000 0.123129 
0.540000 0.122565 
0.550000 0.121996 
0.560000 0.121424 
0.570000 0.120848 
0.580000 0.120267 
0.590000 0.119685 
0.600000 0.119100 
0.610000 0.118512 
0.620000 0.117921 
0.630000 0.117329 
0.640000 0.116734 
0.650000 0.116139 
0.660000 0.115541 
0.670000 0.114942 
0.680000 0.114342 
0.690000 0.113740 
0.700000 0.113138 
0.710000 0.112534 
0.720000 0.111931 
0.730000 0.111327 
0.740000 0.110724 
0.750000 0.110121 
0.760000 0.109517 
0.770000 0.108914 
0.780000 0.108312 
0.790000 0.107710 
0.800000 0.107109 
0.810000 0.106509 
0.820000 0.105910 
0.830000 0.105312 
0.840000 0.104715 
0.850000 0.104120 
0.860000 0.103527 
0.870000 0.102935 
0.880000 0.102346 
0.890000 0.101758 
0.900000 0.101172 
0.910000 0.100588 
0.920000 0.100006 
0.930000 0.099427 
0.940000 0.098849 
0.950000 0.098275 
0.960000 0.097702 
0.970000 0.097133 
0.980000 0.096566 
0.990000 0.096001 
1.000000 0.095440 
1.010000 0.094881 
1.020000 0.094326 
1.030000 0.093773 
1.040000 0.093224 
1.050000 0.092677 
1.060000 0.092133 
1.070000 0.091593 
1.080000 0.091055 
1.090000 0.090521 
1.100000 0.089990 
1.110000 0.089463 
1.120000 0.088938 
1.130000 0.088417 
1.140000 0.087900 
1.150000 0.087385 
1.160000 0.086874 
1.170000 0.086367 
1.180000 0.085863 
1.190000 0.085362 
1.200000 0.084865 
1.210000 0.084371 
1.220000 0.083881 
1.230000 0.083394 
1.240000 0.082911 
1.250000 0.082431 
1.260000 0.081955 
1.270000 0.081482 
1.280000 0.081013 
1.290000 0.080547 
1.300000 0.080085 
1.310000 0.079626 
1.320000 0.079171 
1.330000 0.078719 
1.340000 0.078271 
1.350000 0.077826 
1.360000 0.077385 
1.370000 0.076947 
1.380000 0.076512 
1.390000 0.076081 
1.400000 0.075653 
1.410000 0.075229 
1.420000 0.074808 
1.430000 0.074390 
1.440000 0.073976 
1.450000 0.073565 
1.460000 0.073157 
1.470000 0.072753 
1.480000 0.072352 
1.490000 0.071954 
1.500000 0.071560 
1.510000 0.071169 
1.520000 0.070780 
1.530000 0.070396 
1.540000 0.070014 
1.550000 0.069635 
1.560000 0.069260 
1.570000 0.068888 
1.580000 0.068518 
1.590000 0.068152 
1.600000 0.067789 
1.610000 0.067429 
1.620000 0.067072 
1.630000 0.066718 
1.640000 0.066367 
1.650000 0.066019 
1.660000 0.065673 
1.670000 0.065331 
1.680000 0.064991 
1.690000 0.064655 
1.700000 0.064321 
1.710000 0.063990 
1.720000 0.063661 
1.730000 0.063336 
1.740000 0.063013 
1.750000 0.062693 
1.760000 0.062376 
1.770000 0.062061 
1.780000 0.061749 
1.790000 0.061439 
1.800000 0.061132 
1.810000 0.060828 
1.820000 0.060526 
1.830000 0.060227 
1.840000 0.059930 
1.850000 0.059635 
1.860000 0.059343 
1.870000 0.059054 
1.880000 0.058767 
1.890000 0.058482 
1.900000 0.058200 
1.910000 0.057920 
1.920000 0.057642 
1.930000 0.057367 
1.940000 0.057094 
1.950000 0.056823 
1.960000 0.056554 
1.970000 0.056288 
1.980000 0.056024 
1.990000 0.055762 
2.000000 0.055502 
2.010000 0.055244 
2.020000 0.054989 
2.030000 0.054735 
2.040000 0.054484 
2.050000 0.054234 
2.060000 0.053987 
2.070000 0.053741 
2.080000 0.053498 
2.090000 0.053256 
2.100000 0.053017 
2.110000 0.052779 
2.120000 0.052544 
2.130000 0.052310 
2.140000 0.052078 
2.150000 0.051848 
2.160000 0.051620 
2.170000 0.051393 
2.180000 0.051169 
2.190000 0.050946 
2.200000 0.050725 
2.210000 0.050505 
2.220000 0.050288 
2.230000 0.050072 
2.240000 0.049858 
2.250000 0.049645 
2.260000 0.049434 
2.270000 0.049225 
2.280000 0.049017 
2.290000 0.048811 
2.300000 0.048607 
2.310000 0.048404 
2.320000 0.048203 
2.330000 0.048003 
2.340000 0.047805 
2.350000 0.047608 
2.360000 0.047413 
2.370000 0.047220 
2.380000 0.047027 
2.390000 0.046837 
2.400000 0.046647 
2.410000 0.046459 
2.420000 0.046273 
2.430000 0.046088 
2.440000 0.045904 
2.450000 0.045722 
2.460000 0.045541 
2.470000 0.045361 
2.480000 0.045183 
2.490000 0.045006 
2.500000 0.044831 
2.510000 0.044656 
2.520000 0.044483 
2.530000 0.044311 
2.540000 0.044141 
2.550000 0.043972 
2.560000 0.043803 
2.570000 0.043637 
2.580000 0.043471 
2.590000 0.043306 
2.600000 0.043143 
2.610000 0.042981 
2.620000 0.042820 
2.630000 0.042660 
2.640000 0.042502 
2.650000 0.042344 
2.660000 0.042188 
2.670000 0.042032 
2.680000 0.041878 
2.690000 0.041725 
2.700000 0.041573 
2.710000 0.041422 
2.720000 0.041272 
2.730000 0.041123 
2.740000 0.040975 
2.750000 0.040828 
2.760000 0.040682 
2.770000 0.040538 
2.780000 0.040394 
2.790000 0.040251 
2.800000 0.040109 
2.810000 0.039968 
2.820000 0.039828 
2.830000 0.039689 
2.840000 0.039551 
2.850000 0.039414 
2.860000 0.039277 
2.870000 0.039142 
2.880000 0.039008 
2.890000 0.038874 
2.900000 0.038742 
2.910000 0.038610 
2.920000 0.038479 
2.930000 0.038349 
2.940000 0.038220 
2.950000 0.038091 
2.960000 0.037964 
2.970000 0.037837 
2.980000 0.037711 
2.990000 0.037586 
3.000000 0.037462 
3.010000 0.037338 
3.020000 0.037216 
3.030000 0.037094 
3.040000 0.036973 
3.050000 0.036853 
3.060000 0.036733 
3.070000 0.036614 
3.080000 0.036496 
3.090000 0.036379 
3.100000 0.036262 
3.110000 0.036146 
3.120000 0.036031 
3.130000 0.035917 
3.140000 0.035803 
3.150000 0.035690 
3.160000 0.035578 
3.170000 0.035466 
3.180000 0.035356 
3.190000 0.035245 
3.200000 0.035136 
3.210000 0.035027 
3.220000 0.034919 
3.230000 0.034811 
3.240000 0.034704 
3.250000 0.034598 
3.260000 0.034492 
3.270000 0.034387 
3.280000 0.034283 
3.290000 0.034179 
3.300000 0.034076 
3.310000 0.033974 
3.320000 0.033872 
3.330000 0.033770 
3.340000 0.033670 
3.350000 0.033570 
3.360000 0.033470 
3.370000 0.033371 
3.380000 0.033273 
3.390000 0.033175 
3.400000 0.033078 
3.410000 0.032981 
3.420000 0.032885 
3.430000 0.032789 
3.440000 0.032694 
3.450000 0.032600 
3.460000 0.032506 
3.470000 0.032413 
3.480000 0.032320 
3.490000 0.032227 
3.500000 0.032136 
3.510000 0.032044 
3.520000 0.031953 
3.530000 0.031863 
3.540000 0.031773 
3.550000 0.031684 
3.560000 0.031595 
3.570000 0.031507 
3.580000 0.031419 
3.590000 0.031332 
3.600000 0.031245 
3.610000 0.031159 
3.620000 0.031073 
3.630000 0.030987 
3.640000 0.030902 
3.650000 0.030818 
3.660000 0.030734 
3.670000 0.030650 
3.680000 0.030567 
3.690000 0.030485 
3.700000 0.030402 
3.710000 0.030320 
3.720000 0.030239 
3.730000 0.030158 
3.740000 0.030078 
3.750000 0.029998 
3.760000 0.029918 
3.770000 0.029839 
3.780000 0.029760 
3.790000 0.029681 
3.800000 0.029603 
3.810000 0.029526 
3.820000 0.029449 
3.830000 0.029372 
3.840000 0.029296 
3.850000 0.029220 
3.860000 0.029144 
3.870000 0.029069 
3.880000 0.028994 
3.890000 0.028919 
3.900000 0.028845 
3.910000 0.028772 
3.920000 0.028698 
3.930000 0.028625 
3.940000 0.028553 
3.950000 0.028481 
3.960000 0.028409 
3.970000 0.028337 
3.980000 0.028266 
3.990000 0.028195 
4.000000 0.028125 
4.010000 0.028055 
4.020000 0.027985 
4.030000 0.027916 
4.040000 0.027847 
4.050000 0.027778 
4.060000 0.027710 
4.070000 0.027642 
4.080000 0.027574 
4.090000 0.027507 
4.100000 0.027440 
4.110000 0.027373 
4.120000 0.027306 
4.130000 0.027240 
4.140000 0.027175 
4.150000 0.027109 
4.160000 0.027044 
4.170000 0.026979 
4.180000 0.026915 
4.190000 0.026851 
4.200000 0.026787 
4.210000 0.026723 
4.220000 0.026660 
4.230000 0.026597 
4.240000 0.026534 
4.250000 0.026472 
4.260000 0.026410 
4.270000 0.026348 
4.280000 0.026286 
4.290000 0.026225 
4.300000 0.026164 
4.310000 0.026103 
4.320000 0.026043 
4.330000 0.025983 
4.340000 0.025923 
4.350000 0.025863 
4.360000 0.025804 
4.370000 0.025745 
4.380000 0.025686 
4.390000 0.025628 
4.400000 0.025570 
4.410000 0.025512 
4.420000 0.025454 
4.430000 0.025397 
4.440000 0.025339 
4.450000 0.025282 
4.460000 0.025226 
4.470000 0.025169 
4.480000 0.025113 
4.490000 0.025057 
4.500000 0.025002 
4.510000 0.024946 
4.520000 0.024891 
4.530000 0.024836 
4.540000 0.024781 
4.550000 0.024727 
4.560000 0.024673 
4.570000 0.024619 
4.580000 0.024565 
4.590000 0.024511 
4.600000 0.024458 
4.610000 0.024405 
4.620000 0.024352 
4.630000 0.024300 
4.640000 0.024247 
4.650000 0.024195 
4.660000 0.024143 
4.670000 0.024092 
4.680000 0.024040 
4.690000 0.023989 
4.700000 0.023938 
4.710000 0.023887 
4.720000 0.023837 
4.730000 0.023786 
4.740000 0.023736 
4.750000 0.023686 
4.760000 0.023636 
4.770000 0.023587 
4.780000 0.023537 
4.790000 0.023488 
4.800000 0.023439 
4.810000 0.023391 
4.820000 0.023342 
4.830000 0.023294 
4.840000 0.023246 
4.850000 0.023198 
4.860000 0.023150 
4.870000 0.023102 
4.880000 0.023055 
4.890000 0.023008 
4.900000 0.022961 
4.910000 0.022914 
4.920000 0.022868 
4.930000 0.022821 
4.940000 0.022775 
4.950000 0.022729 
4.960000 0.022683 
4.970000 0.022638 
4.980000 0.022592 
4.990000 0.022547 
5.000000 0.022502 
5.010000 0.022457 
5.020000 0.022412 
5.030000 0.022368 
5.040000 0.022323 
5.050000 0.022279 
5.060000 0.022235 
5.070000 0.022191 
5.080000 0.022148 
5.090000 0.022104 
5.100000 0.022061 
5.110000 0.022018 
5.120000 0.021975 
5.130000 0.021932 
5.140000 0.021889 
5.150000 0.021847 
5.160000 0.021804 
5.170000 0.021762 
5.180000 0.021720 
5.190000 0.021678 
5.200000 0.021636 
5.210000 0.021595 
5.220000 0.021554 
5.230000 0.021512 
5.240000 0.021471 
5.250000 0.021430 
5.260000 0.021390 
5.270000 0.021349 
5.280000 0.021309 
5.290000 0.021268 
5.300000 0.021228 
5.310000 0.021188 
5.320000 0.021148 
5.330000 0.021109 
5.340000 0.021069 
5.350000 0.021030 
5.360000 0.020991 
5.370000 0.020952 
5.380000 0.020913 
5.390000 0.020874 
5.400000 0.020835 
5.410000 0.020797 
5.420000 0.020758 
5.430000 0.020720 
5.440000 0.020682 
5.450000 0.020644 
5.460000 0.020606 
5.470000 0.020569 
5.480000 0.020531 
5.490000 0.020494 
5.500000 0.020456 
5.510000 0.020419 
5.520000 0.020382 
5.530000 0.020345 
5.540000 0.020309 
5.550000 0.020272 
5.560000 0.020236 
5.570000 0.020199 
5.580000 0.020163 
5.590000 0.020127 
5.600000 0.020091 
5.610000 0.020055 
5.620000 0.020020 
5.630000 0.019984 
5.640000 0.019949 
5.650000 0.019913 
5.660000 0.019878 
5.670000 0.019843 
5.680000 0.019808 
5.690000 0.019773 
5.700000 0.019739 
5.710000 0.019704 
5.720000 0.019670 
5.730000 0.019635 
5.740000 0.019601 
5.750000 0.019567 
5.760000 0.019533 
5.770000 0.019499 
5.780000 0.019465 
5.790000 0.019432 
5.800000 0.019398 
5.810000 0.019365 
5.820000 0.019332 
5.830000 0.019298 
5.840000 0.019265 
5.850000 0.019232 
5.860000 0.019200 
5.870000 0.019167 
5.880000 0.019134 
5.890000 0.019102 
5.900000 0.019069 
5.910000 0.019037 
5.920000 0.019005 
5.930000 0.018973 
5.940000 0.018941 
5.950000 0.018909 
5.960000 0.018878 
5.970000 0.018846 
5.980000 0.018814 
5.990000 0.018783 
6.000000 0.018752 
6.010000 0.018720 
6.020000 0.018689 
6.030000 0.018658 
6.040000 0.018627 
6.050000 0.018597 
6.060000 0.018566 
6.070000 0.018535 
6.080000 0.018505 
6.090000 0.018475 
6.100000 0.018444 
6.110000 0.018414 
6.120000 0.018384 
6.130000 0.018354 
6.140000 0.018324 
6.150000 0.018294 
6.160000 0.018265 
6.170000 0.018235 
6.180000 0.018206 
6.190000 0.018176 
6.200000 0.018147 
6.210000 0.018118 
6.220000 0.018088 
6.230000 0.018059 
6.240000 0.018030 
6.250000 0.018002 
6.260000 0.017973 
6.270000 0.017944 
6.280000 0.017916 
6.290000 0.017887 
6.300000 0.017859 
6.310000 0.017830 
6.320000 0.017802 
6.330000 0.017774 
6.340000 0.017746 
6.350000 0.017718 
6.360000 0.017690 
6.370000 0.017662 
6.380000 0.017635 
6.390000 0.017607 
6.400000 0.017580 
6.410000 0.017552 
6.420000 0.017525 
6.430000 0.017498 
6.440000 0.017471 
6.450000 0.017443 
6.460000 0.017416 
6.470000 0.017389 
6.480000 0.017363 
6.490000 0.017336 
6.500000 0.017309 
6.510000 0.017283 
6.520000 0.017256 
6.530000 0.017230 
6.540000 0.017203 
6.550000 0.017177 
6.560000 0.017151 
6.570000 0.017125 
6.580000 0.017099 
6.590000 0.017073 
6.600000 0.017047 
6.610000 0.017021 
6.620000 0.016995 
6.630000 0.016970 
6.640000 0.016944 
6.650000 0.016919 
6.660000 0.016893 
6.670000 0.016868 
6.680000 0.016843 
6.690000 0.016818 
6.700000 0.016793 
6.710000 0.016768 
6.720000 0.016743 
6.730000 0.016718 
6.740000 0.016693 
6.750000 0.016668 
6.760000 0.016644 
6.770000 0.016619 
6.780000 0.016594 
6.790000 0.016570 
6.800000 0.016546 
6.810000 0.016521 
6.820000 0.016497 
6.830000 0.016473 
6.840000 0.016449 
6.850000 0.016425 
6.860000 0.016401 
6.870000 0.016377 
6.880000 0.016353 
6.890000 0.016329 
6.900000 0.016306 
6.910000 0.016282 
6.920000 0.016259 
6.930000 0.016235 
6.940000 0.016212 
6.950000 0.016188 
6.960000 0.016165 
6.970000 0.016142 
6.980000 0.016119 
6.990000 0.016096 
7.000000 0.016073 
7.010000 0.016050 
7.020000 0.016027 
7.030000 0.016004 
7.040000 0.015982 
7.050000 0.015959 
7.060000 0.015936 
7.070000 0.015914 
7.080000 0.015891 
7.090000 0.015869 
7.100000 0.015846 
7.110000 0.015824 
7.120000 0.015802 
7.130000 0.015780 
7.140000 0.015758 
7.150000 0.015736 
7.160000 0.015714 
7.170000 0.015692 
7.180000 0.015670 
7.190000 0.015648 
7.200000 0.015626 
7.210000 0.015605 
7.220000 0.015583 
7.230000 0.015562 
7.240000 0.015540 
7.250000 0.015519 
7.260000 0.015497 
7.270000 0.015476 
7.280000 0.015455 
7.290000 0.015433 
7.300000 0.015412 
7.310000 0.015391 
7.320000 0.015370 
7.330000 0.015349 
7.340000 0.015328 
7.350000 0.015307 
7.360000 0.015287 
7.370000 0.015266 
7.380000 0.015245 
7.390000 0.015225 
7.400000 0.015204 
7.410000 0.015184 
7.420000 0.015163 
7.430000 0.015143 
7.440000 0.015122 
7.450000 0.015102 
7.460000 0.015082 
7.470000 0.015062 
7.480000 0.015041 
7.490000 0.015021 
7.500000 0.015001 
7.510000 0.014981 
7.520000 0.014961 
7.530000 0.014942 
7.540000 0.014922 
7.550000 0.014902 
7.560000 0.014882 
7.570000 0.014863 
7.580000 0.014843 
7.590000 0.014823 
7.600000 0.014804 
7.610000 0.014785 
7.620000 0.014765 
7.630000 0.014746 
7.640000 0.014726 
7.650000 0.014707 
7.660000 0.014688 
7.670000 0.014669 
7.680000 0.014650 
7.690000 0.014631 
7.700000 0.014612 
7.710000 0.014593 
7.720000 0.014574 
7.730000 0.014555 
7.740000 0.014536 
7.750000 0.014517 
7.760000 0.014499 
7.770000 0.014480 
7.780000 0.014461 
7.790000 0.014443 
7.800000 0.014424 
7.810000 0.014406 
7.820000 0.014387 
7.830000 0.014369 
7.840000 0.014351 
7.850000 0.014332 
7.860000 0.014314 
7.870000 0.014296 
7.880000 0.014278 
7.890000 0.014260 
7.900000 0.014242 
7.910000 0.014224 
7.920000 0.014206 
7.930000 0.014188 
7.940000 0.014170 
7.950000 0.014152 
7.960000 0.014134 
7.970000 0.014117 
7.980000 0.014099 
7.990000 0.014081 
8.000000 0.014064 
8.010000 0.014046 
8.020000 0.014029 
8.030000 0.014011 
8.040000 0.013994 
8.050000 0.013976 
8.060000 0.013959 
8.070000 0.013942 
8.080000 0.013925 
8.090000 0.013907 
8.100000 0.013890 
8.110000 0.013873 
8.120000 0.013856 
8.130000 0.013839 
8.140000 0.013822 
8.150000 0.013805 
8.160000 0.013788 
8.170000 0.013771 
8.180000 0.013754 
8.190000 0.013737 
8.200000 0.013721 
8.210000 0.013704 
8.220000 0.013687 
8.230000 0.013671 
8.240000 0.013654 
8.250000 0.013638 
8.260000 0.013621 
8.270000 0.013605 
8.280000 0.013588 
8.290000 0.013572 
8.300000 0.013555 
8.310000 0.013539 
8.320000 0.013523 
8.330000 0.013507 
8.340000 0.013490 
8.350000 0.013474 
8.360000 0.013458 
8.370000 0.013442 
8.380000 0.013426 
8.390000 0.013410 
8.400000 0.013394 
8.410000 0.013378 
8.420000 0.013362 
8.430000 0.013346 
8.440000 0.013331 
8.450000 0.013315 
8.460000 0.013299 
8.470000 0.013283 
8.480000 0.013268 
8.490000 0.013252 
8.500000 0.013236 
8.510000 0.013221 
8.520000 0.013205 
8.530000 0.013190 
8.540000 0.013174 
8.550000 0.013159 
8.560000 0.013144 
8.570000 0.013128 
8.580000 0.013113 
8.590000 0.013098 
8.600000 0.013083 
8.610000 0.013067 
8.620000 0.013052 
8.630000 0.013037 
8.640000 0.013022 
8.650000 0.013007 
8.660000 0.012992 
8.670000 0.012977 
8.680000 0.012962 
8.690000 0.012947 
8.700000 0.012932 
8.710000 0.012917 
8.720000 0.012903 
8.730000 0.012888 
8.740000 0.012873 
8.750000 0.012858 
8.760000 0.012844 
8.770000 0.012829 
8.780000 0.012814 
8.790000 0.012800 
8.800000 0.012785 
8.810000 0.012771 
8.820000 0.012756 
8.830000 0.012742 
8.840000 0.012727 
8.850000 0.012713 
8.860000 0.012699 
8.870000 0.012684 
8.880000 0.012670 
8.890000 0.012656 
8.900000 0.012642 
8.910000 0.012627 
8.920000 0.012613 
8.930000 0.012599 
8.940000 0.012585 
8.950000 0.012571 
8.960000 0.012557 
8.970000 0.012543 
8.980000 0.012529 
8.990000 0.012515 
9.000000 0.012501 
9.010000 0.012487 
9.020000 0.012473 
9.030000 0.012460 
9.040000 0.012446 
9.050000 0.012432 
9.060000 0.012418 
9.070000 0.012405 
9.080000 0.012391 
9.090000 0.012377 
9.100000 0.012364 
9.110000 0.012350 
9.120000 0.012337 
9.130000 0.012323 
9.140000 0.012310 
9.150000 0.012296 
9.160000 0.012283 
9.170000 0.012269 
9.180000 0.012256 
9.190000 0.012243 
9.200000 0.012229 
9.210000 0.012216 
9.220000 0.012203 
9.230000 0.012190 
9.240000 0.012176 
9.250000 0.012163 
9.260000 0.012150 
9.270000 0.012137 
9.280000 0.012124 
9.290000 0.012111 
9.300000 0.012098 
9.310000 0.012085 
9.320000 0.012072 
9.330000 0.012059 
9.340000 0.012046 
9.350000 0.012033 
9.360000 0.012020 
9.370000 0.012007 
9.380000 0.011995 
9.390000 0.011982 
9.400000 0.011969 
9.410000 0.011956 
9.420000 0.011944 
9.430000 0.011931 
9.440000 0.011918 
9.450000 0.011906 
9.460000 0.011893 
9.470000 0.011881 
9.480000 0.011868 
9.490000 0.011856 
9.500000 0.011843 
9.510000 0.011831 
9.520000 0.011818 
9.530000 0.011806 
9.540000 0.011794 
9.550000 0.011781 
9.560000 0.011769 
9.570000 0.011757 
9.580000 0.011744 
9.590000 0.011732 
9.600000 0.011720 
9.610000 0.011708 
9.620000 0.011695 
9.630000 0.011683 
9.640000 0.011671 
9.650000 0.011659 
9.660000 0.011647 
9.670000 0.011635 
9.680000 0.011623 
9.690000 0.011611 
9.700000 0.011599 
9.710000 0.011587 
9.720000 0.011575 
9.730000 0.011563 
9.740000 0.011551 
9.750000 0.011539 
9.760000 0.011528 
9.770000 0.011516 
9.780000 0.011504 
9.790000 0.011492 
9.800000 0.011481 
9.810000 0.011469 
9.820000 0.011457 
9.830000 0.011446 
9.840000 0.011434 
9.850000 0.011422 
9.860000 0.011411 
9.870000 0.011399 
9.880000 0.011388 
9.890000 0.011376 
9.900000 0.011365 
9.910000 0.011353 
9.920000 0.011342 
9.930000 0.011330 
9.940000 0.011319 
9.950000 0.011308 
9.960000 0.011296 
9.970000 0.011285 
9.980000 0.011274 
9.990000 0.011262 
10.000000 0.011251 
